201201010002
201201010004
201201020023
201201020024
201201050007
201201050008
201201100017
201201100018
201201200001
201201200002
201201200003
201201200004
201201200005
201201200006
201201200007
201201200008
201201200024
201201200030
201201200031
201201220014
201201220015
201201310010
201201310023
201201310024
201202010008
201203030028
201203030029
201203050001
201203050002
201203050003
201203050004
201203170001
201203170002
201203170003
201203170007
201203170008
201203180026
201203180027
201203200002
201203200003
201203200004
201203200019
201203240010
201203240011
201203310003
201203310004
201204120003
201204120004
201204120005
201204120006
201204150009
201204150011
201204150013
201204150014
201204150015
201204150016
201204150017
201204150019
201204150020
201204150021
201204150023
201204150029
201204150031
201204150032
201204150035
201204150047
201204150048
201204160018
201204210011
201204210012
201204270011
201204270012
201204270013
201205100019
201205100020
201205100021
201205110018
201205140003
201205140004
201205140034
201205140035
201205140036
201205210016
201205210017
201205210018
201205260025
201205260026
201206050015
201206050016
201206050017
201206050018
201206050019
201206050020
201206050021
201206130015
201206130016
201206130017
201206130018
201206130023
201206130024
201206130028
201206130029
201206170002
201206170003
201206170004
201206180009
201206180011
201206180012
201206190001
201206190002
201206190003
201206220001
201206220002
201206260008
201206260009
201206260010
201206260011
201206260012
201207070023
201207070024
201207080016
201207080017
201207220017
201207220018
201207220019
201207230006
201207230007
201207230008
201207230009
201207230012
201207230013
201207230014
201207230023
201207230024
201207230025
201207290012
201207290013
201207310002
201207310003
201208030018
201208030020
201208030021
201208050028
201208050029
201208050030
201208050031
201208050032
201208050033
201208050034
201208080013
201208080014
201208150001
201208150002
201208160007
201208160008
201208230002
201208230003
201209020038
201209020039
201209060005
201209060006
201209060007
201209060008
201209060009
201209060010
201209080004
201209080005
201209090013
201209090014
201209090015
201209090017
201209090018
201209090019
201209090020
201209090036
201209090037
201209110010
201209110011
201209180006
201209180010
201209190027
201209210019
201209220006
201209220007
201210050012
201210050015
201210080029
201210080031
201210080047
201210080050
201210280028
201210280029
201210280030
201210280031
201210280032
201211070041
201211070042
201211070043
201211070045
201211120021
201211120022
201211120023
201211140007
201211140035
201211190025
201211190026
201211270009
201211270010
201211270011
201211270012
201211270013
201211270014
201212140014
201212140015
201212170041
201212170043
201212220017
201212220018
201212310003
201212310004
201212310005
201301010002
201301010003
201301100001
201301100002
201301150008
201301150009
201301150010
201301150011
201301170007
201301170008
201302170005
201302170006
201302170007
201302170008
201302170009
201302170010
201302170011
201302170012
201302170013
201302170014
201302240012
201302240013
201302280020
201302280021
201302280022
201302280023
201303170013
201303170014
201303170015
201303250021
201303250022
201303250023
201303250024
201303250025
201303250026
201303250027
201303280025
201303280026
201303280027
201304150041
201304150042
201304150043
201304150044
201304190015
201304190016
201304190017
201304240016
201304240059
201304280050
201304280051
201304290008
201304290009
201305040007
201305040022
201305050028
201305050032
201305050033
201305050034
201305070031
201305070032
201305070033
201305090042
201305090043
201305110007
201305110008
201305160021
201305160022
201305160023
201305160024
201305160025
201305160026
201305170002
201305170036
201305200018
201305200019
201305200043
201305200044
201305200045
201305200046
201305200047
201305220012
201305220013
201305220024
201305220025
201305220026
201305220027
201305230026
201305230027
201305260008
201305260009
201305270018
201305270019
201306020025
201306020031
201306100036
201306100037
201306110008
201306110009
201306160014
201306160015
201306170007
201306170008
201306170009
201306180002
201306180003
201306230003
201306230004
201306240009
201306240010
201306260016
201306260017
201306260018
201306260042
201306260043
201306260044
201306260045
201306260046
201306260047
201306300009
201306300010
201307020011
201307020012
201307040037
201307040038
201307040039
201307040040
201307060024
201307110003
201307110004
201307110010
201307110011
201307110012
201307140007
201307140008
201307140009
201307190044
201307190045
201307190046
201307190047
201307200004
201307200005
201307200006
201307220044
201307220045
201307220046
201307220047
201307220048
201307220049
201307220073
201307220074
201307220075
201307220076
201307220077
201307220078
201307220079
201307220080
201307230004
201307230005
201307250007
201307250010
201307250048
201307250049
201307260001
201307260002
201307290007
201307290008
201308070013
201308070014
201308150039
201308150057
201308150058
201308200027
201308210041
201308230001
201308230002
201308270014
201308270015
201308270043
201308270044
201308300013
201308300014
201309070001
201309070002
201309140024
201309140025
201309140051
201309190025
201309190026
201309230006
201309230007
201309230037
201309230038
201309240009
201309250010
201309250011
201309250012
201309250013
201309300016
201309300029
201309300051
201309300052
201309300053
201309300054
201309300055
201309300056
201310020037
201310020038
201310020039
201310050011
201310050012
201310050013
201310060003
201310060004
201310060023
201310060024
201310100028
201310100029
201310130029
201310130030
201310130031
201310130036
201310130037
201310170002
201310170003
201310170004
201310170005
201310170006
201310170007
201310170008
201310170009
201310170010
201310170011
201310170012
201310170013
201310200012
201310200013
201310200014
201310220007
201310220008
201310220009
201310220011
201310220012
201310240032
201310240033
201310240034
201310240035
201310240036
201310240037
201310250010
201310250011
201310250012
201310250013
201310250014
201310250015
201310270002
201310270003
201310300005
201310300006
201310310003
201310310043
201311080040
201311080041
201311100025
201311100026
201311130034
201311130035
201311130036
201311130037
201311130038
201311130039
201311140001
201311140002
201311170046
201311170047
201311170048
201311170049
201311170050
201311170051
201311170052
201311170053
201311170054
201311170055
201311170056
201311170057
201311200076
201311200077
201311230011
201311230085
201311280003
201311280004
201311280035
201311280036
201311300028
201311300029
201312040048
201312040049
201312040059
201312040060
201312040061
201312070010
201312070011
201312080044
201312080046
201312080047
201312150062
201312150063
201312150064
201312170072
201312170073
201312170074
201312170075
201312170076
201312170077
201312270033
201312270034
201312270035
201312280032
201312280033
201401050017
201401050018
201401120010
201401120011
201401140050
201401140051
201401180007
201401180008
201401180015
201401180079
201401210004
201401210005
201401240016
201401240017
201401240042
201401240043
201401290004
201401290005
201401310012
201401310013
201401310031
201401310032
201401310033
201402010049
201402010050
201402010051
201402010074
201402010075
201402090021
201402090061
201402090062
201402150042
201402150043
201402180066
201402180067
201402190028
201402190029
201402200043
201402200044
201402200045
201402230041
201402230042
201402230043
201402240104
201402240105
201402240106
201402240107
201402240108
201402240109
201402240110
201402240111
201402240112
201402240114
201402240115
201402240116
201402240117
201402240118
201402240120
201403010004
201403010005
201403010070
201403020079
201403020080
201403020081
201403020082
201403020083
201403040051
201403040052
201403040053
201403050051
201403050052
201403050053
201403050054
201403050055
201403060072
201403060073
201403140035
201403140036
201403140038
201403140039
201403140040
201403180008
201403180009
201403190073
201403190074
201403210045
201403210046
201403210047
201403210048
201403210049
201403210050
201403210051
201403220050
201403220051
201403240042
201403240043
201403240044
201403240045
201403290027
201403290028
201403290029
201403290030
201404010007
201404010011
201404020008
201404020010
201404030074
201404030075
201404050010
201404050012
201404050045
201404050046
201404050047
201404050138
201404050139
201404060021
201404060022
201404060023
201404060024
201404090054
201404110034
201404140052
201404140053
201404150060
201404150061
201404150062
201404150063
201404150064
201404150065
201404150066
201404150067
201404150068
201404150069
201404150070
201404270002
201404270003
201404290012
201404290016
201404300069
201404300070
201404300071
201405010001
201405010002
201405030013
201405030017
201405030018
201405040039
201405040040
201405150051
201405150052
201405150053
201405150054
201405150055
201405150056
201405180082
201405180083
201405180084
201405180085
201405180086
201405200065
201405210089
201405230080
201405230081
201405230082
201405230083
201405230084
201405250066
201405250203
201405260189
201405260190
201405270020
201405270021
201405270022
201405270066
201405270067
201405280045
201405280046
201405280065
201405280066
201405280070
201405280071
201405280072
201405280073
201405280074
201405280075
201405280076
201405280077
201405280078
201405310015
201405310050
201406050014
201406050015
201406070009
201406070011
201406070012
201406070014
201406090075
201406090076
201406110053
201406110054
201406110055
201406110056
201406110057
201406110058
201406140091
201406140092
201406140103
201406140104
201406140105
201406140106
201406180035
201406180036
201406180037
201406210031
201406210032
201406210033
201406210034
201406210035
201406210064
201406210065
201407040100
201407040101
201407040102
201407040103
201407050022
201407050023
201407050024
201407050041
201407050042
201407050043
201407050044
201407050045
201407050046
201407120089
201407120090
201407130038
201407130052
201407130053
201407130061
201407130062
201407130063
201407150032
201407150034
201407150070
201407150071
201407150072
201407150073
201407150075
201407150076
201407150077
201407150078
201407170035
201407170037
201407170038
201407170039
201407170040
201407170041
201407170042
201407170043
201407170044
201407170045
201407170046
201407170047
201407170048
201407170049
201407170050
201407170051
201407270060
201407270061
201408050020
201408050021
201408110039
201408110040
201408150007
201408150008
201408160047
201408160048
201408160049
201408180008
201408180011
201408180050
201408180051
201408240104
201408250049
201408250050
201408250051
201408250052
201408250053
201408250054
201408250055
201408250056
201408250071
201408250072
201408250077
201408250078
201408260070
201408270029
201408270030
201408290027
201408290028
201409030003
201409030004
201409030005
201409060043
201409060044
201409060045
201409080064
201409080065
201409080066
201409080067
201409080068
201409080069
201409080070
201409080071
201409080072
201409080073
201409080074
201409080075
201409080076
201409160055
201409160056
201409160059
201409160060
201409160061
201409160062
201409160063
201409170078
201409170089
201409170090
201409180052
201409180054
201409210037
201409210038
201409210039
201409210040
201409230062
201409230063
201409230064
201409230067
201409240071
201409240072
201409270018
201409270019
201409270020
201409270083
201409270085
201409270086
201409270087
201409270088
201409270089
201409270090
201409270091
201409270092
201409270093
201409270094
201409270095
201409280028
201410010027
201410010028
201410030046
201410030047
201410030048
201410080009
201410080010
201410080011
201410080012
201410080067
201410080068
201410080069
201410080070
201410090085
201410090086
201410120053
201410120054
201410120055
201410120075
201410120076
201410120077
201410140033
201410140034
201410160018
201410160019
201410160020
201410160062
201410160064
201410160065
201410160066
201410160067
201410170037
201410170038
201410170039
201410170040
201410190046
201410190050
201410200026
201410200027
201410200028
201410210055
201410210056
201410270075
201410270076
201411010066
201411010067
201411010068
201411010069
201411010070
201411010071
201411010072
201411010073
201411020044
201411020045
201411020046
201411020047
201411020048
201411020049
201411020050
201411020051
201411020052
201411020053
201411020054
201411020055
201411020056
201411020057
201411020058
201411020059
201411020060
201411040055
201411040056
201411040057
201411040059
201411040060
201411060050
201411060051
201411060052
201411090026
201411090027
201411090028
201411090029
201411090030
201411090031
201411120040
201411120041
201411120049
201411150029
201411150031
201411150032
201411240049
201411240050
201411240051
201411240052
201411260052
201411260053
201411260054
201411290006
201411290040
201411290041
201411290042
201411290043
201411290049
201411290050
201412010009
201412010010
201412040022
201412040023
201412040024
201412090035
201412090036
201412110014
201412110015
201412120001
201412120002
201412150028
201412150029
201412180043
201412180044
201412200076
201412200077
201412200078
201412200079
201412200080
201412230014
201412230015
201412290001
201412290002
201412290003
201412290004
201412290005
201412310068
201412310069
201412310070
201412310103
201412310104